02907099999	0101	-67
02907099999	0102	-59
02907099999	0103	-44
02907099999	0104	-41
02907099999	0105	-40
02907099999	0106	-51
02907099999	0107	-32
02907099999	0108	-35
02907099999	0109	-36
02907099999	0110	-58
02907099999	0111	-73
02907099999	0112	-68
02907099999	0113	-51
02907099999	0114	-61
02907099999	0115	-31
02907099999	0116	-31
02907099999	0117	-39
02907099999	0118	-70
02907099999	0119	-57
02907099999	0120	-40
02907099999	0121	-50
02907099999	0122	-51
02907099999	0123	-11
02907099999	0124	-18
02907099999	0125	-16
02907099999	0126	-22
02907099999	0127	-21
02907099999	0128	-5
02907099999	0129	-26
02907099999	0130	-47
02907099999	0131	-58
02907099999	0201	-44
02907099999	0202	-39
02907099999	0203	-62
02907099999	0204	-86
02907099999	0205	-76
02907099999	0206	-65
02907099999	0207	-76
02907099999	0208	-95
02907099999	0209	-73
02907099999	0210	-94
02907099999	0211	-107
02907099999	0212	-88
02907099999	0213	-117
02907099999	0214	-109
02907099999	0215	-135
02907099999	0216	-55
02907099999	0217	-77
02907099999	0218	-73
02907099999	0219	-38
02907099999	0220	-28
02907099999	0221	-31
02907099999	0222	-40
02907099999	0223	-61
02907099999	0224	-80
02907099999	0225	-65
02907099999	0226	-50
02907099999	0227	-45
02907099999	0228	-60
02907099999	0229	-133
02907099999	0301	-67
02907099999	0302	-65
02907099999	0303	-46
02907099999	0304	-37
02907099999	0305	-41
02907099999	0306	-31
02907099999	0307	-36
02907099999	0308	-54
02907099999	0309	-70
02907099999	0310	-52
02907099999	0311	-47
02907099999	0312	-32
02907099999	0313	-38
02907099999	0314	-2
02907099999	0315	-15
02907099999	0316	-18
02907099999	0317	-14
02907099999	0318	-39
02907099999	0319	-34
02907099999	0320	-35
02907099999	0321	-46
02907099999	0322	-32
02907099999	0323	-10
02907099999	0324	-7
02907099999	0325	-35
02907099999	0326	-9
02907099999	0327	-18
02907099999	0328	-20
02907099999	0329	-5
02907099999	0330	-15
02907099999	0331	-25
02907099999	0401	-21
02907099999	0402	-25
02907099999	0403	-23
02907099999	0404	-2
02907099999	0405	-15
02907099999	0406	-10
02907099999	0407	-10
02907099999	0408	-15
02907099999	0409	0
02907099999	0410	6
02907099999	0411	14
02907099999	0412	14
02907099999	0413	8
02907099999	0414	-3
02907099999	0415	-1
02907099999	0416	9
02907099999	0417	11
02907099999	0418	19
02907099999	0419	17
02907099999	0420	24
02907099999	0421	15
02907099999	0422	28
02907099999	0423	24
02907099999	0424	24
02907099999	0425	32
02907099999	0426	23
02907099999	0427	13
02907099999	0428	27
02907099999	0429	27
02907099999	0430	24
02907099999	0501	26
02907099999	0502	32
02907099999	0503	36
02907099999	0504	18
02907099999	0505	10
02907099999	0506	7
02907099999	0507	12
02907099999	0508	23
02907099999	0509	26
02907099999	0510	34
02907099999	0511	40
02907099999	0512	44
02907099999	0513	44
02907099999	0514	47
02907099999	0515	52
02907099999	0516	51
02907099999	0517	46
02907099999	0518	47
02907099999	0519	43
02907099999	0520	45
02907099999	0521	35
02907099999	0522	38
02907099999	0523	47
02907099999	0524	44
02907099999	0525	55
02907099999	0526	49
02907099999	0527	56
02907099999	0528	56
02907099999	0529	53
02907099999	0530	59
02907099999	0531	69
02907099999	0601	71
02907099999	0602	76
02907099999	0603	67
02907099999	0604	55
02907099999	0605	80
02907099999	0606	63
02907099999	0607	65
02907099999	0608	70
02907099999	0609	84
02907099999	0610	89
02907099999	0611	70
02907099999	0612	74
02907099999	0613	87
02907099999	0614	82
02907099999	0615	97
02907099999	0616	92
02907099999	0617	96
02907099999	0618	105
02907099999	0619	95
02907099999	0620	86
02907099999	0621	93
02907099999	0622	105
02907099999	0623	105
02907099999	0624	119
02907099999	0625	130
02907099999	0626	125
02907099999	0627	132
02907099999	0628	120
02907099999	0629	118
02907099999	0630	111
02907099999	0701	116
02907099999	0702	116
02907099999	0703	118
02907099999	0704	129
02907099999	0705	124
02907099999	0706	126
02907099999	0707	133
02907099999	0708	119
02907099999	0709	123
02907099999	0710	117
02907099999	0711	114
02907099999	0712	114
02907099999	0713	129
02907099999	0714	132
02907099999	0715	128
02907099999	0716	132
02907099999	0717	135
02907099999	0718	139
02907099999	0719	131
02907099999	0720	133
02907099999	0721	131
02907099999	0722	128
02907099999	0723	162
02907099999	0724	161
02907099999	0725	162
02907099999	0726	161
02907099999	0727	152
02907099999	0728	161
02907099999	0729	150
02907099999	0730	150
02907099999	0731	152
02907099999	0801	150
02907099999	0802	156
02907099999	0803	149
02907099999	0804	156
02907099999	0805	151
02907099999	0806	145
02907099999	0807	143
02907099999	0808	141
02907099999	0809	139
02907099999	0810	143
02907099999	0811	143
02907099999	0812	148
02907099999	0813	135
02907099999	0814	142
02907099999	0815	143
02907099999	0816	142
02907099999	0817	145
02907099999	0818	138
02907099999	0819	154
02907099999	0820	140
02907099999	0821	130
02907099999	0822	128
02907099999	0823	125
02907099999	0824	132
02907099999	0825	117
02907099999	0826	118
02907099999	0827	135
02907099999	0828	133
02907099999	0829	125
02907099999	0830	115
02907099999	0831	105
02907099999	0901	102
02907099999	0902	101
02907099999	0903	111
02907099999	0904	110
02907099999	0905	108
02907099999	0906	115
02907099999	0907	117
02907099999	0908	116
02907099999	0909	117
02907099999	0910	115
02907099999	0911	109
02907099999	0912	97
02907099999	0913	105
02907099999	0914	99
02907099999	0915	96
02907099999	0916	95
02907099999	0917	95
02907099999	0918	97
02907099999	0919	93
02907099999	0920	95
02907099999	0921	88
02907099999	0922	94
02907099999	0923	93
02907099999	0924	101
02907099999	0925	96
02907099999	0926	98
02907099999	0927	88
02907099999	0928	91
02907099999	0929	83
02907099999	0930	74
02907099999	1001	68
02907099999	1002	66
02907099999	1003	68
02907099999	1004	62
02907099999	1005	64
02907099999	1006	74
02907099999	1007	63
02907099999	1008	53
02907099999	1009	50
02907099999	1010	60
02907099999	1011	68
02907099999	1012	56
02907099999	1013	46
02907099999	1014	31
02907099999	1015	24
02907099999	1016	36
02907099999	1017	36
02907099999	1018	41
02907099999	1019	30
02907099999	1020	33
02907099999	1021	33
02907099999	1022	28
02907099999	1023	24
02907099999	1024	42
02907099999	1025	41
02907099999	1026	38
02907099999	1027	46
02907099999	1028	54
02907099999	1029	45
02907099999	1030	45
02907099999	1031	47
02907099999	1101	50
02907099999	1102	38
02907099999	1103	25
02907099999	1104	27
02907099999	1105	20
02907099999	1106	22
02907099999	1107	30
02907099999	1108	28
02907099999	1109	28
02907099999	1110	29
02907099999	1111	9
02907099999	1112	-3
02907099999	1113	-12
02907099999	1114	-2
02907099999	1115	2
02907099999	1116	5
02907099999	1117	12
02907099999	1118	25
02907099999	1119	21
02907099999	1120	14
02907099999	1121	7
02907099999	1122	8
02907099999	1123	9
02907099999	1124	-26
02907099999	1125	-10
02907099999	1126	-21
02907099999	1127	-9
02907099999	1128	-20
02907099999	1129	-32
02907099999	1130	-47
02907099999	1201	-43
02907099999	1202	-29
02907099999	1203	-23
02907099999	1204	3
02907099999	1205	5
02907099999	1206	16
02907099999	1207	2
02907099999	1208	5
02907099999	1209	-4
02907099999	1210	-5
02907099999	1211	-8
02907099999	1212	-13
02907099999	1213	-14
02907099999	1214	-4
02907099999	1215	-16
02907099999	1216	-23
02907099999	1217	-22
02907099999	1218	-34
02907099999	1219	-37
02907099999	1220	-27
02907099999	1221	-15
02907099999	1222	-18
02907099999	1223	-20
02907099999	1224	-21
02907099999	1225	-43
02907099999	1226	-73
02907099999	1227	-56
02907099999	1228	-44
02907099999	1229	-32
02907099999	1230	-81
02907099999	1231	-62
02950099999	0101	-50
02950099999	0102	-40
02950099999	0103	-31
02950099999	0104	-11
02950099999	0105	-10
02950099999	0106	-28
02950099999	0107	-15
02950099999	0108	-3
02950099999	0109	-5
02950099999	0110	0
02950099999	0111	-33
02950099999	0112	-34
02950099999	0113	-26
02950099999	0114	-33
02950099999	0115	-12
02950099999	0116	-15
02950099999	0117	-34
02950099999	0118	-42
02950099999	0119	-32
02950099999	0120	-10
02950099999	0121	-9
02950099999	0122	-32
02950099999	0123	0
02950099999	0124	-2
02950099999	0125	-3
02950099999	0126	0
02950099999	0127	-15
02950099999	0128	0
02950099999	0129	-11
02950099999	0130	-23
02950099999	0131	-35
02950099999	0201	-25
02950099999	0202	-22
02950099999	0203	-41
02950099999	0204	-51
02950099999	0205	-42
02950099999	0206	-34
02950099999	0207	-22
02950099999	0208	-36
02950099999	0209	-31
02950099999	0210	-62
02950099999	0211	-60
02950099999	0212	-54
02950099999	0213	-87
02950099999	0214	-58
02950099999	0215	-71
02950099999	0216	-27
02950099999	0217	-33
02950099999	0218	-45
02950099999	0219	-26
02950099999	0220	-21
02950099999	0221	-13
02950099999	0222	-17
02950099999	0223	-11
02950099999	0224	-36
02950099999	0225	-21
02950099999	0226	-30
02950099999	0227	-25
02950099999	0228	-31
02950099999	0229	-67
02950099999	0301	-28
02950099999	0302	-28
02950099999	0303	-32
02950099999	0304	-11
02950099999	0305	-8
02950099999	0306	-11
02950099999	0307	-1
02950099999	0308	-26
02950099999	0309	-32
02950099999	0310	-10
02950099999	0311	-14
02950099999	0312	-15
02950099999	0313	13
02950099999	0314	20
02950099999	0315	13
02950099999	0316	5
02950099999	0317	2
02950099999	0318	-9
02950099999	0319	2
02950099999	0320	-2
02950099999	0321	-26
02950099999	0322	-3
02950099999	0323	10
02950099999	0324	16
02950099999	0325	-19
02950099999	0326	-2
02950099999	0327	1
02950099999	0328	7
02950099999	0329	11
02950099999	0330	17
02950099999	0331	12
02950099999	0401	12
02950099999	0402	11
02950099999	0403	8
02950099999	0404	17
02950099999	0405	15
02950099999	0406	12
02950099999	0407	4
02950099999	0408	7
02950099999	0409	16
02950099999	0410	14
02950099999	0411	32
02950099999	0412	33
02950099999	0413	21
02950099999	0414	14
02950099999	0415	31
02950099999	0416	28
02950099999	0417	33
02950099999	0418	38
02950099999	0419	42
02950099999	0420	40
02950099999	0421	31
02950099999	0422	28
02950099999	0423	40
02950099999	0424	35
02950099999	0425	61
02950099999	0426	62
02950099999	0427	61
02950099999	0428	69
02950099999	0429	54
02950099999	0430	66
02950099999	0501	60
02950099999	0502	63
02950099999	0503	54
02950099999	0504	50
02950099999	0505	28
02950099999	0506	35
02950099999	0507	45
02950099999	0508	59
02950099999	0509	60
02950099999	0510	82
02950099999	0511	76
02950099999	0512	69
02950099999	0513	60
02950099999	0514	93
02950099999	0515	74
02950099999	0516	71
02950099999	0517	65
02950099999	0518	76
02950099999	0519	83
02950099999	0520	54
02950099999	0521	55
02950099999	0522	70
02950099999	0523	88
02950099999	0524	91
02950099999	0525	102
02950099999	0526	92
02950099999	0527	89
02950099999	0528	91
02950099999	0529	121
02950099999	0530	109
02950099999	0531	119
02950099999	0601	109
02950099999	0602	130
02950099999	0603	108
02950099999	0604	98
02950099999	0605	102
02950099999	0606	96
02950099999	0607	97
02950099999	0608	109
02950099999	0609	125
02950099999	0610	112
02950099999	0611	98
02950099999	0612	98
02950099999	0613	111
02950099999	0614	114
02950099999	0615	143
02950099999	0616	135
02950099999	0617	142
02950099999	0618	150
02950099999	0619	152
02950099999	0620	147
02950099999	0621	153
02950099999	0622	139
02950099999	0623	137
02950099999	0624	152
02950099999	0625	157
02950099999	0626	146
02950099999	0627	145
02950099999	0628	152
02950099999	0629	142
02950099999	0630	144
02950099999	0701	134
02950099999	0702	148
02950099999	0703	136
02950099999	0704	154
02950099999	0705	141
02950099999	0706	140
02950099999	0707	147
02950099999	0708	138
02950099999	0709	137
02950099999	0710	133
02950099999	0711	146
02950099999	0712	127
02950099999	0713	141
02950099999	0714	136
02950099999	0715	134
02950099999	0716	150
02950099999	0717	156
02950099999	0718	152
02950099999	0719	145
02950099999	0720	156
02950099999	0721	167
02950099999	0722	152
02950099999	0723	175
02950099999	0724	179
02950099999	0725	171
02950099999	0726	167
02950099999	0727	188
02950099999	0728	177
02950099999	0729	175
02950099999	0730	180
02950099999	0731	176
02950099999	0801	175
02950099999	0802	183
02950099999	0803	153
02950099999	0804	173
02950099999	0805	183
02950099999	0806	183
02950099999	0807	161
02950099999	0808	159
02950099999	0809	157
02950099999	0810	176
02950099999	0811	172
02950099999	0812	162
02950099999	0813	159
02950099999	0814	153
02950099999	0815	175
02950099999	0816	173
02950099999	0817	169
02950099999	0818	162
02950099999	0819	170
02950099999	0820	155
02950099999	0821	142
02950099999	0822	139
02950099999	0823	145
02950099999	0824	144
02950099999	0825	129
02950099999	0826	134
02950099999	0827	152
02950099999	0828	152
02950099999	0829	146
02950099999	0830	136
02950099999	0831	125
02950099999	0901	122
02950099999	0902	110
02950099999	0903	131
02950099999	0904	130
02950099999	0905	132
02950099999	0906	130
02950099999	0907	138
02950099999	0908	144
02950099999	0909	142
02950099999	0910	133
02950099999	0911	129
02950099999	0912	121
02950099999	0913	112
02950099999	0914	103
02950099999	0915	111
02950099999	0916	112
02950099999	0917	132
02950099999	0918	123
02950099999	0919	112
02950099999	0920	110
02950099999	0921	112
02950099999	0922	120
02950099999	0923	115
02950099999	0924	129
02950099999	0925	127
02950099999	0926	120
02950099999	0927	116
02950099999	0928	110
02950099999	0929	115
02950099999	0930	108
02950099999	1001	105
02950099999	1002	90
02950099999	1003	81
02950099999	1004	74
02950099999	1005	85
02950099999	1006	84
02950099999	1007	77
02950099999	1008	56
02950099999	1009	62
02950099999	1010	72
02950099999	1011	79
02950099999	1012	72
02950099999	1013	59
02950099999	1014	49
02950099999	1015	35
02950099999	1016	50
02950099999	1017	57
02950099999	1018	47
02950099999	1019	45
02950099999	1020	45
02950099999	1021	45
02950099999	1022	51
02950099999	1023	45
02950099999	1024	63
02950099999	1025	61
02950099999	1026	54
02950099999	1027	67
02950099999	1028	70
02950099999	1029	63
02950099999	1030	56
02950099999	1031	64
02950099999	1101	70
02950099999	1102	60
02950099999	1103	61
02950099999	1104	45
02950099999	1105	33
02950099999	1106	36
02950099999	1107	44
02950099999	1108	42
02950099999	1109	30
02950099999	1110	35
02950099999	1111	13
02950099999	1112	6
02950099999	1113	-22
02950099999	1114	4
02950099999	1115	-2
02950099999	1116	-9
02950099999	1117	12
02950099999	1118	25
02950099999	1119	27
02950099999	1120	25
02950099999	1121	17
02950099999	1122	12
02950099999	1123	21
02950099999	1124	4
02950099999	1125	-12
02950099999	1126	-18
02950099999	1127	3
02950099999	1128	-4
02950099999	1129	-37
02950099999	1130	-38
02950099999	1201	-51
02950099999	1202	-19
02950099999	1203	-24
02950099999	1204	-2
02950099999	1205	12
02950099999	1206	21
02950099999	1207	10
02950099999	1208	9
02950099999	1209	6
02950099999	1210	-8
02950099999	1211	-7
02950099999	1212	-12
02950099999	1213	-21
02950099999	1214	-6
02950099999	1215	-25
02950099999	1216	-18
02950099999	1217	-4
02950099999	1218	-18
02950099999	1219	-14
02950099999	1220	-8
02950099999	1221	-6
02950099999	1222	-2
02950099999	1223	-14
02950099999	1224	-35
02950099999	1225	-31
02950099999	1226	-47
02950099999	1227	2
02950099999	1228	-29
02950099999	1229	-33
02950099999	1230	-80
02950099999	1231	-59
02960099999	0101	-77
02960099999	0102	-70
02960099999	0103	-52
02960099999	0104	-21
02960099999	0105	-17
02960099999	0106	-51
02960099999	0107	-30
02960099999	0108	-23
02960099999	0109	-11
02960099999	0110	-5
02960099999	0111	-34
02960099999	0112	-61
02960099999	0113	-40
02960099999	0114	-67
02960099999	0115	-34
02960099999	0116	-44
02960099999	0117	-53
02960099999	0118	-87
02960099999	0119	-56
02960099999	0120	-25
02960099999	0121	-24
02960099999	0122	-49
02960099999	0123	-6
02960099999	0124	1
02960099999	0125	-9
02960099999	0126	-12
02960099999	0127	-13
02960099999	0128	2
02960099999	0129	-13
02960099999	0130	-23
02960099999	0131	-46
02960099999	0201	-30
02960099999	0202	-35
02960099999	0203	-61
02960099999	0204	-66
02960099999	0205	-68
02960099999	0206	-43
02960099999	0207	-42
02960099999	0208	-46
02960099999	0209	-34
02960099999	0210	-78
02960099999	0211	-66
02960099999	0212	-63
02960099999	0213	-105
02960099999	0214	-83
02960099999	0215	-86
02960099999	0216	-41
02960099999	0217	-31
02960099999	0218	-52
02960099999	0219	-21
02960099999	0220	-22
02960099999	0221	-12
02960099999	0222	-13
02960099999	0223	-10
02960099999	0224	-46
02960099999	0225	-27
02960099999	0226	-36
02960099999	0227	-23
02960099999	0228	-38
02960099999	0229	-83
02960099999	0301	-28
02960099999	0302	-19
02960099999	0303	-29
02960099999	0304	-17
02960099999	0305	-23
02960099999	0306	-11
02960099999	0307	2
02960099999	0308	-38
02960099999	0309	-32
02960099999	0310	2
02960099999	0311	-16
02960099999	0312	-14
02960099999	0313	19
02960099999	0314	18
02960099999	0315	15
02960099999	0316	7
02960099999	0317	-1
02960099999	0318	1
02960099999	0319	2
02960099999	0320	12
02960099999	0321	-12
02960099999	0322	11
02960099999	0323	33
02960099999	0324	24
02960099999	0325	-1
02960099999	0326	8
02960099999	0327	26
02960099999	0328	16
02960099999	0329	20
02960099999	0330	21
02960099999	0331	23
02960099999	0401	16
02960099999	0402	11
02960099999	0403	18
02960099999	0404	22
02960099999	0405	12
02960099999	0406	16
02960099999	0407	17
02960099999	0408	26
02960099999	0409	19
02960099999	0410	27
02960099999	0411	40
02960099999	0412	44
02960099999	0413	45
02960099999	0414	37
02960099999	0415	32
02960099999	0416	44
02960099999	0417	53
02960099999	0418	41
02960099999	0419	50
02960099999	0420	73
02960099999	0421	57
02960099999	0422	46
02960099999	0423	84
02960099999	0424	84
02960099999	0425	104
02960099999	0426	91
02960099999	0427	96
02960099999	0428	95
02960099999	0429	109
02960099999	0430	116
02960099999	0501	112
02960099999	0502	108
02960099999	0503	104
02960099999	0504	81
02960099999	0505	61
02960099999	0506	65
02960099999	0507	63
02960099999	0508	88
02960099999	0509	82
02960099999	0510	107
02960099999	0511	106
02960099999	0512	124
02960099999	0513	123
02960099999	0514	138
02960099999	0515	117
02960099999	0516	113
02960099999	0517	108
02960099999	0518	100
02960099999	0519	111
02960099999	0520	94
02960099999	0521	108
02960099999	0522	116
02960099999	0523	144
02960099999	0524	146
02960099999	0525	147
02960099999	0526	154
02960099999	0527	154
02960099999	0528	156
02960099999	0529	183
02960099999	0530	185
02960099999	0531	176
02960099999	0601	171
02960099999	0602	174
02960099999	0603	160
02960099999	0604	158
02960099999	0605	155
02960099999	0606	147
02960099999	0607	155
02960099999	0608	179
02960099999	0609	184
02960099999	0610	168
02960099999	0611	158
02960099999	0612	137
02960099999	0613	145
02960099999	0614	163
02960099999	0615	180
02960099999	0616	189
02960099999	0617	180
02960099999	0618	194
02960099999	0619	192
02960099999	0620	176
02960099999	0621	204
02960099999	0622	165
02960099999	0623	194
02960099999	0624	191
02960099999	0625	209
02960099999	0626	203
02960099999	0627	194
02960099999	0628	195
02960099999	0629	200
02960099999	0630	189
02960099999	0701	175
02960099999	0702	191
02960099999	0703	189
02960099999	0704	188
02960099999	0705	175
02960099999	0706	187
02960099999	0707	187
02960099999	0708	154
02960099999	0709	169
02960099999	0710	179
02960099999	0711	189
02960099999	0712	183
02960099999	0713	182
02960099999	0714	187
02960099999	0715	199
02960099999	0716	208
02960099999	0717	177
02960099999	0718	183
02960099999	0719	187
02960099999	0720	188
02960099999	0721	205
02960099999	0722	195
02960099999	0723	220
02960099999	0724	231
02960099999	0725	212
02960099999	0726	205
02960099999	0727	215
02960099999	0728	216
02960099999	0729	210
02960099999	0730	199
02960099999	0731	191
02960099999	0801	198
02960099999	0802	210
02960099999	0803	190
02960099999	0804	205
02960099999	0805	185
02960099999	0806	195
02960099999	0807	186
02960099999	0808	167
02960099999	0809	172
02960099999	0810	185
02960099999	0811	172
02960099999	0812	180
02960099999	0813	182
02960099999	0814	171
02960099999	0815	185
02960099999	0816	183
02960099999	0817	186
02960099999	0818	179
02960099999	0819	173
02960099999	0820	158
02960099999	0821	152
02960099999	0822	153
02960099999	0823	164
02960099999	0824	152
02960099999	0825	144
02960099999	0826	146
02960099999	0827	165
02960099999	0828	154
02960099999	0829	136
02960099999	0830	130
02960099999	0831	132
02960099999	0901	119
02960099999	0902	131
02960099999	0903	143
02960099999	0904	138
02960099999	0905	160
02960099999	0906	157
02960099999	0907	172
02960099999	0908	164
02960099999	0909	163
02960099999	0910	140
02960099999	0911	130
02960099999	0912	136
02960099999	0913	129
02960099999	0914	122
02960099999	0915	120
02960099999	0916	115
02960099999	0917	131
02960099999	0918	133
02960099999	0919	134
02960099999	0920	138
02960099999	0921	131
02960099999	0922	131
02960099999	0923	135
02960099999	0924	141
02960099999	0925	142
02960099999	0926	131
02960099999	0927	132
02960099999	0928	123
02960099999	0929	109
02960099999	0930	106
02960099999	1001	103
02960099999	1002	88
02960099999	1003	85
02960099999	1004	71
02960099999	1005	84
02960099999	1006	92
02960099999	1007	75
02960099999	1008	55
02960099999	1009	56
02960099999	1010	67
02960099999	1011	80
02960099999	1012	64
02960099999	1013	57
02960099999	1014	43
02960099999	1015	27
02960099999	1016	43
02960099999	1017	46
02960099999	1018	54
02960099999	1019	37
02960099999	1020	36
02960099999	1021	37
02960099999	1022	37
02960099999	1023	34
02960099999	1024	56
02960099999	1025	60
02960099999	1026	52
02960099999	1027	61
02960099999	1028	64
02960099999	1029	73
02960099999	1030	45
02960099999	1031	53
02960099999	1101	69
02960099999	1102	47
02960099999	1103	51
02960099999	1104	31
02960099999	1105	26
02960099999	1106	27
02960099999	1107	24
02960099999	1108	28
02960099999	1109	17
02960099999	1110	16
02960099999	1111	4
02960099999	1112	-26
02960099999	1113	-30
02960099999	1114	-6
02960099999	1115	-17
02960099999	1116	-24
02960099999	1117	2
02960099999	1118	-12
02960099999	1119	6
02960099999	1120	13
02960099999	1121	-2
02960099999	1122	-4
02960099999	1123	7
02960099999	1124	-13
02960099999	1125	-31
02960099999	1126	-46
02960099999	1127	-23
02960099999	1128	-20
02960099999	1129	-16
02960099999	1130	-116
02960099999	1201	-79
02960099999	1202	-33
02960099999	1203	-42
02960099999	1204	-37
02960099999	1205	-6
02960099999	1206	14
02960099999	1207	4
02960099999	1208	5
02960099999	1209	-24
02960099999	1210	-32
02960099999	1211	-21
02960099999	1212	-17
02960099999	1213	-41
02960099999	1214	-32
02960099999	1215	-33
02960099999	1216	-27
02960099999	1217	-23
02960099999	1218	-38
02960099999	1219	-24
02960099999	1220	-21
02960099999	1221	-20
02960099999	1222	-10
02960099999	1223	-34
02960099999	1224	-45
02960099999	1225	-49
02960099999	1226	-78
02960099999	1227	-74
02960099999	1228	-56
02960099999	1229	-65
02960099999	1230	-105
02960099999	1231	-103
02972099999	0101	-66
02972099999	0102	-52
02972099999	0103	-42
02972099999	0104	-7
02972099999	0105	-12
02972099999	0106	-44
02972099999	0107	-13
02972099999	0108	5
02972099999	0109	-9
02972099999	0110	2
02972099999	0111	-30
02972099999	0112	-45
02972099999	0113	-40
02972099999	0114	-50
02972099999	0115	-19
02972099999	0116	-15
02972099999	0117	-32
02972099999	0118	-67
02972099999	0119	-42
02972099999	0120	-14
02972099999	0121	-27
02972099999	0122	-44
02972099999	0123	-4
02972099999	0124	4
02972099999	0125	-3
02972099999	0126	0
02972099999	0127	-12
02972099999	0128	2
02972099999	0129	-6
02972099999	0130	-6
02972099999	0131	-25
02972099999	0201	-24
02972099999	0202	-22
02972099999	0203	-49
02972099999	0204	-44
02972099999	0205	-42
02972099999	0206	-26
02972099999	0207	-27
02972099999	0208	-28
02972099999	0209	-30
02972099999	0210	-62
02972099999	0211	-50
02972099999	0212	-51
02972099999	0213	-76
02972099999	0214	-64
02972099999	0215	-72
02972099999	0216	-31
02972099999	0217	-33
02972099999	0218	-32
02972099999	0219	-15
02972099999	0220	-17
02972099999	0221	-6
02972099999	0222	-11
02972099999	0223	-5
02972099999	0224	-38
02972099999	0225	19
02972099999	0226	-22
02972099999	0227	-14
02972099999	0228	-17
02972099999	0229	-67
02972099999	0301	-25
02972099999	0302	-13
02972099999	0303	-27
02972099999	0304	-16
02972099999	0305	-5
02972099999	0306	-4
02972099999	0307	-3
02972099999	0308	-34
02972099999	0309	-26
02972099999	0310	2
02972099999	0311	-15
02972099999	0312	-17
02972099999	0313	15
02972099999	0314	13
02972099999	0315	22
02972099999	0316	8
02972099999	0317	2
02972099999	0318	9
02972099999	0319	17
02972099999	0320	19
02972099999	0321	8
02972099999	0322	20
02972099999	0323	44
02972099999	0324	35
02972099999	0325	0
02972099999	0326	15
02972099999	0327	33
02972099999	0328	19
02972099999	0329	13
02972099999	0330	26
02972099999	0331	22
02972099999	0401	14
02972099999	0402	18
02972099999	0403	17
02972099999	0404	20
02972099999	0405	6
02972099999	0406	15
02972099999	0407	22
02972099999	0408	23
02972099999	0409	21
02972099999	0410	32
02972099999	0411	35
02972099999	0412	45
02972099999	0413	40
02972099999	0414	42
02972099999	0415	28
02972099999	0416	38
02972099999	0417	59
02972099999	0418	52
02972099999	0419	54
02972099999	0420	75
02972099999	0421	59
02972099999	0422	46
02972099999	0423	76
02972099999	0424	86
02972099999	0425	92
02972099999	0426	90
02972099999	0427	95
02972099999	0428	95
02972099999	0429	108
02972099999	0430	123
02972099999	0501	123
02972099999	0502	101
02972099999	0503	92
02972099999	0504	95
02972099999	0505	85
02972099999	0506	70
02972099999	0507	68
02972099999	0508	84
02972099999	0509	100
02972099999	0510	110
02972099999	0511	112
02972099999	0512	125
02972099999	0513	121
02972099999	0514	130
02972099999	0515	125
02972099999	0516	120
02972099999	0517	113
02972099999	0518	110
02972099999	0519	122
02972099999	0520	92
02972099999	0521	117
02972099999	0522	124
02972099999	0523	152
02972099999	0524	149
02972099999	0525	155
02972099999	0526	153
02972099999	0527	158
02972099999	0528	161
02972099999	0529	187
02972099999	0530	188
02972099999	0531	198
02972099999	0601	185
02972099999	0602	181
02972099999	0603	176
02972099999	0604	170
02972099999	0605	172
02972099999	0606	162
02972099999	0607	163
02972099999	0608	180
02972099999	0609	179
02972099999	0610	161
02972099999	0611	145
02972099999	0612	143
02972099999	0613	151
02972099999	0614	161
02972099999	0615	181
02972099999	0616	180
02972099999	0617	189
02972099999	0618	193
02972099999	0619	186
02972099999	0620	176
02972099999	0621	205
02972099999	0622	178
02972099999	0623	204
02972099999	0624	203
02972099999	0625	211
02972099999	0626	201
02972099999	0627	193
02972099999	0628	214
02972099999	0629	197
02972099999	0630	197
02972099999	0701	177
02972099999	0702	191
02972099999	0703	189
02972099999	0704	202
02972099999	0705	181
02972099999	0706	204
02972099999	0707	185
02972099999	0708	170
02972099999	0709	183
02972099999	0710	192
02972099999	0711	176
02972099999	0712	193
02972099999	0713	190
02972099999	0714	191
02972099999	0715	210
02972099999	0716	219
02972099999	0717	192
02972099999	0718	196
02972099999	0719	196
02972099999	0720	193
02972099999	0721	210
02972099999	0722	220
02972099999	0723	213
02972099999	0724	215
02972099999	0725	222
02972099999	0726	216
02972099999	0727	218
02972099999	0728	225
02972099999	0729	211
02972099999	0730	210
02972099999	0731	203
02972099999	0801	201
02972099999	0802	215
02972099999	0803	211
02972099999	0804	203
02972099999	0805	201
02972099999	0806	201
02972099999	0807	186
02972099999	0808	179
02972099999	0809	187
02972099999	0810	190
02972099999	0811	175
02972099999	0812	182
02972099999	0813	183
02972099999	0814	181
02972099999	0815	186
02972099999	0816	192
02972099999	0817	185
02972099999	0818	174
02972099999	0819	171
02972099999	0820	157
02972099999	0821	162
02972099999	0822	157
02972099999	0823	170
02972099999	0824	156
02972099999	0825	151
02972099999	0826	149
02972099999	0827	167
02972099999	0828	159
02972099999	0829	142
02972099999	0830	149
02972099999	0831	147
02972099999	0901	135
02972099999	0902	140
02972099999	0903	150
02972099999	0904	145
02972099999	0905	160
02972099999	0906	170
02972099999	0907	170
02972099999	0908	160
02972099999	0909	173
02972099999	0910	146
02972099999	0911	136
02972099999	0912	142
02972099999	0913	138
02972099999	0914	125
02972099999	0915	122
02972099999	0916	127
02972099999	0917	132
02972099999	0918	139
02972099999	0919	142
02972099999	0920	141
02972099999	0921	135
02972099999	0922	135
02972099999	0923	141
02972099999	0924	141
02972099999	0925	148
02972099999	0926	142
02972099999	0927	135
02972099999	0928	130
02972099999	0929	123
02972099999	0930	119
02972099999	1001	105
02972099999	1002	93
02972099999	1003	88
02972099999	1004	79
02972099999	1005	93
02972099999	1006	94
02972099999	1007	89
02972099999	1008	64
02972099999	1009	64
02972099999	1010	76
02972099999	1011	79
02972099999	1012	72
02972099999	1013	69
02972099999	1014	47
02972099999	1015	44
02972099999	1016	52
02972099999	1017	68
02972099999	1018	63
02972099999	1019	45
02972099999	1020	47
02972099999	1021	44
02972099999	1022	49
02972099999	1023	36
02972099999	1024	69
02972099999	1025	65
02972099999	1026	61
02972099999	1027	67
02972099999	1028	71
02972099999	1029	76
02972099999	1030	54
02972099999	1031	66
02972099999	1101	80
02972099999	1102	56
02972099999	1103	53
02972099999	1104	41
02972099999	1105	35
02972099999	1106	35
02972099999	1107	35
02972099999	1108	34
02972099999	1109	33
02972099999	1110	23
02972099999	1111	11
02972099999	1112	-15
02972099999	1113	-22
02972099999	1114	1
02972099999	1115	15
02972099999	1116	-10
02972099999	1117	7
02972099999	1118	11
02972099999	1119	19
02972099999	1120	20
02972099999	1121	6
02972099999	1122	-1
02972099999	1123	17
02972099999	1124	14
02972099999	1125	-14
02972099999	1126	-34
02972099999	1127	-6
02972099999	1128	-9
02972099999	1129	-45
02972099999	1130	-74
02972099999	1201	-71
02972099999	1202	-36
02972099999	1203	-36
02972099999	1204	-41
02972099999	1205	5
02972099999	1206	14
02972099999	1207	17
02972099999	1208	14
02972099999	1209	-1
02972099999	1210	-21
02972099999	1211	-14
02972099999	1212	-13
02972099999	1213	-28
02972099999	1214	-25
02972099999	1215	-22
02972099999	1216	-12
02972099999	1217	-13
02972099999	1218	-27
02972099999	1219	-14
02972099999	1220	-10
02972099999	1221	-12
02972099999	1222	-6
02972099999	1223	-25
02972099999	1224	-35
02972099999	1225	-35
02972099999	1226	-61
02972099999	1227	-55
02972099999	1228	-48
02972099999	1229	-46
02972099999	1230	-60
02972099999	1231	-69
02981099999	0101	-23
02981099999	0102	-3
02981099999	0103	-6
02981099999	0104	4
02981099999	0105	8
02981099999	0106	0
02981099999	0107	11
02981099999	0108	16
02981099999	0109	19
02981099999	0110	23
02981099999	0111	4
02981099999	0112	2
02981099999	0113	-10
02981099999	0114	2
02981099999	0115	3
02981099999	0116	10
02981099999	0117	6
02981099999	0118	-11
02981099999	0119	-2
02981099999	0120	13
02981099999	0121	0
02981099999	0122	-5
02981099999	0123	13
02981099999	0124	23
02981099999	0125	18
02981099999	0126	13
02981099999	0127	4
02981099999	0128	11
02981099999	0129	10
02981099999	0130	14
02981099999	0131	4
02981099999	0201	-5
02981099999	0202	-12
02981099999	0203	-13
02981099999	0204	-16
02981099999	0205	-1
02981099999	0206	1
02981099999	0207	-2
02981099999	0208	-6
02981099999	0209	-12
02981099999	0210	-13
02981099999	0211	-14
02981099999	0212	-24
02981099999	0213	-33
02981099999	0214	-18
02981099999	0215	-22
02981099999	0216	-7
02981099999	0217	-7
02981099999	0218	-6
02981099999	0219	-2
02981099999	0220	-1
02981099999	0221	0
02981099999	0222	-2
02981099999	0223	3
02981099999	0224	-23
02981099999	0225	-5
02981099999	0226	-6
02981099999	0227	-7
02981099999	0228	-8
02981099999	0229	-56
02981099999	0301	-12
02981099999	0302	-11
02981099999	0303	-15
02981099999	0304	-8
02981099999	0305	-1
02981099999	0306	-2
02981099999	0307	-3
02981099999	0308	-22
02981099999	0309	-12
02981099999	0310	5
02981099999	0311	4
02981099999	0312	-12
02981099999	0313	9
02981099999	0314	11
02981099999	0315	14
02981099999	0316	6
02981099999	0317	4
02981099999	0318	-3
02981099999	0319	11
02981099999	0320	13
02981099999	0321	-1
02981099999	0322	14
02981099999	0323	22
02981099999	0324	11
02981099999	0325	-4
02981099999	0326	5
02981099999	0327	7
02981099999	0328	3
02981099999	0329	5
02981099999	0330	9
02981099999	0331	18
02981099999	0401	5
02981099999	0402	5
02981099999	0403	3
02981099999	0404	7
02981099999	0405	18
02981099999	0406	11
02981099999	0407	15
02981099999	0408	18
02981099999	0409	21
02981099999	0410	22
02981099999	0411	24
02981099999	0412	26
02981099999	0413	22
02981099999	0414	22
02981099999	0415	26
02981099999	0416	34
02981099999	0417	26
02981099999	0418	23
02981099999	0419	43
02981099999	0420	32
02981099999	0421	22
02981099999	0422	30
02981099999	0423	32
02981099999	0424	39
02981099999	0425	35
02981099999	0426	38
02981099999	0427	32
02981099999	0428	36
02981099999	0429	51
02981099999	0430	65
02981099999	0501	47
02981099999	0502	74
02981099999	0503	49
02981099999	0504	44
02981099999	0505	33
02981099999	0506	46
02981099999	0507	36
02981099999	0508	38
02981099999	0509	37
02981099999	0510	40
02981099999	0511	53
02981099999	0512	71
02981099999	0513	79
02981099999	0514	69
02981099999	0515	77
02981099999	0516	61
02981099999	0517	60
02981099999	0518	60
02981099999	0519	57
02981099999	0520	59
02981099999	0521	63
02981099999	0522	70
02981099999	0523	85
02981099999	0524	86
02981099999	0525	102
02981099999	0526	93
02981099999	0527	100
02981099999	0528	101
02981099999	0529	113
02981099999	0530	116
02981099999	0531	113
02981099999	0601	103
02981099999	0602	100
02981099999	0603	105
02981099999	0604	104
02981099999	0605	108
02981099999	0606	109
02981099999	0607	95
02981099999	0608	95
02981099999	0609	104
02981099999	0610	93
02981099999	0611	97
02981099999	0612	95
02981099999	0613	109
02981099999	0614	109
02981099999	0615	124
02981099999	0616	135
02981099999	0617	114
02981099999	0618	125
02981099999	0619	140
02981099999	0620	125
02981099999	0621	146
02981099999	0622	124
02981099999	0623	134
02981099999	0624	135
02981099999	0625	150
02981099999	0626	143
02981099999	0627	139
02981099999	0628	163
02981099999	0629	145
02981099999	0630	136
02981099999	0701	134
02981099999	0702	129
02981099999	0703	146
02981099999	0704	143
02981099999	0705	137
02981099999	0706	141
02981099999	0707	137
02981099999	0708	135
02981099999	0709	133
02981099999	0710	139
02981099999	0711	141
02981099999	0712	140
02981099999	0713	154
02981099999	0714	143
02981099999	0715	136
02981099999	0716	154
02981099999	0717	155
02981099999	0718	164
02981099999	0719	163
02981099999	0720	162
02981099999	0721	163
02981099999	0722	179
02981099999	0723	173
02981099999	0724	172
02981099999	0725	169
02981099999	0726	168
02981099999	0727	183
02981099999	0728	190
02981099999	0729	167
02981099999	0730	176
02981099999	0731	173
02981099999	0801	174
02981099999	0802	172
02981099999	0803	172
02981099999	0804	169
02981099999	0805	169
02981099999	0806	172
02981099999	0807	168
02981099999	0808	160
02981099999	0809	156
02981099999	0810	164
02981099999	0811	163
02981099999	0812	165
02981099999	0813	173
02981099999	0814	154
02981099999	0815	172
02981099999	0816	166
02981099999	0817	157
02981099999	0818	165
02981099999	0819	165
02981099999	0820	161
02981099999	0821	145
02981099999	0822	141
02981099999	0823	144
02981099999	0824	136
02981099999	0825	142
02981099999	0826	133
02981099999	0827	144
02981099999	0828	138
02981099999	0829	144
02981099999	0830	129
02981099999	0831	130
02981099999	0901	126
02981099999	0902	126
02981099999	0903	134
02981099999	0904	140
02981099999	0905	147
02981099999	0906	137
02981099999	0907	142
02981099999	0908	135
02981099999	0909	144
02981099999	0910	129
02981099999	0911	123
02981099999	0912	121
02981099999	0913	116
02981099999	0914	112
02981099999	0915	115
02981099999	0916	120
02981099999	0917	117
02981099999	0918	117
02981099999	0919	123
02981099999	0920	114
02981099999	0921	114
02981099999	0922	113
02981099999	0923	116
02981099999	0924	122
02981099999	0925	126
02981099999	0926	126
02981099999	0927	117
02981099999	0928	116
02981099999	0929	122
02981099999	0930	116
02981099999	1001	110
02981099999	1002	106
02981099999	1003	104
02981099999	1004	84
02981099999	1005	93
02981099999	1006	95
02981099999	1007	96
02981099999	1008	77
02981099999	1009	65
02981099999	1010	84
02981099999	1011	85
02981099999	1012	81
02981099999	1013	66
02981099999	1014	60
02981099999	1015	76
02981099999	1016	81
02981099999	1017	84
02981099999	1018	71
02981099999	1019	62
02981099999	1020	61
02981099999	1021	66
02981099999	1022	71
02981099999	1023	67
02981099999	1024	83
02981099999	1025	76
02981099999	1026	76
02981099999	1027	78
02981099999	1028	80
02981099999	1029	75
02981099999	1030	70
02981099999	1031	73
02981099999	1101	78
02981099999	1102	65
02981099999	1103	71
02981099999	1104	62
02981099999	1105	53
02981099999	1106	54
02981099999	1107	52
02981099999	1108	58
02981099999	1109	54
02981099999	1110	43
02981099999	1111	42
02981099999	1112	20
02981099999	1113	14
02981099999	1114	29
02981099999	1115	36
02981099999	1116	19
02981099999	1117	27
02981099999	1118	22
02981099999	1119	41
02981099999	1120	34
02981099999	1121	23
02981099999	1122	16
02981099999	1123	29
02981099999	1124	36
02981099999	1125	23
02981099999	1126	24
02981099999	1127	22
02981099999	1128	20
02981099999	1129	-16
02981099999	1130	-13
02981099999	1201	-12
02981099999	1202	3
02981099999	1203	15
02981099999	1204	12
02981099999	1205	31
02981099999	1206	36
02981099999	1207	37
02981099999	1208	31
02981099999	1209	28
02981099999	1210	16
02981099999	1211	13
02981099999	1212	12
02981099999	1213	14
02981099999	1214	9
02981099999	1215	10
02981099999	1216	8
02981099999	1217	14
02981099999	1218	20
02981099999	1219	14
02981099999	1220	20
02981099999	1221	23
02981099999	1222	22
02981099999	1223	14
02981099999	1224	2
02981099999	1225	0
02981099999	1226	-16
02981099999	1227	-16
02981099999	1228	-2
02981099999	1229	-10
02981099999	1230	-19
02981099999	1231	-22
22707099999	0101	-121
22707099999	0102	-83
22707099999	0103	-94
22707099999	0104	-87
22707099999	0105	-69
22707099999	0106	-87
22707099999	0107	-66
22707099999	0108	-64
22707099999	0109	-41
22707099999	0110	-40
22707099999	0111	-82
22707099999	0112	-109
22707099999	0113	-76
22707099999	0114	-105
22707099999	0115	-97
22707099999	0116	-62
22707099999	0117	-58
22707099999	0118	-76
22707099999	0119	-96
22707099999	0120	-75
22707099999	0121	-69
22707099999	0122	-95
22707099999	0123	-52
22707099999	0124	-34
22707099999	0125	-26
22707099999	0126	-32
22707099999	0127	-34
22707099999	0128	-19
22707099999	0129	-19
22707099999	0130	-66
22707099999	0131	-72
22707099999	0201	-48
22707099999	0202	-54
22707099999	0203	-72
22707099999	0204	-110
22707099999	0205	-108
22707099999	0206	-75
22707099999	0207	-56
22707099999	0208	-83
22707099999	0209	-52
22707099999	0210	-86
22707099999	0211	-96
22707099999	0212	-78
22707099999	0213	-112
22707099999	0214	-132
22707099999	0215	-137
22707099999	0216	-75
22707099999	0217	-62
22707099999	0218	-83
22707099999	0219	-15
22707099999	0220	-50
22707099999	0221	-21
22707099999	0222	-27
22707099999	0223	-30
22707099999	0224	-43
22707099999	0225	-92
22707099999	0226	-46
22707099999	0227	-29
22707099999	0228	-51
22707099999	0229	-94
22707099999	0301	-31
22707099999	0302	-26
22707099999	0303	-25
22707099999	0304	-25
22707099999	0305	-33
22707099999	0306	-12
22707099999	0307	-51
22707099999	0308	-65
22707099999	0309	-53
22707099999	0310	-41
22707099999	0311	-41
22707099999	0312	-32
22707099999	0313	-15
22707099999	0314	-6
22707099999	0315	5
22707099999	0316	-5
22707099999	0317	-2
22707099999	0318	-16
22707099999	0319	-42
22707099999	0320	-35
22707099999	0321	-19
22707099999	0322	-15
22707099999	0323	20
22707099999	0324	41
22707099999	0325	-8
22707099999	0326	2
22707099999	0327	12
22707099999	0328	17
22707099999	0329	11
22707099999	0330	4
22707099999	0331	-2
22707099999	0401	11
22707099999	0402	16
22707099999	0403	14
22707099999	0404	7
22707099999	0405	10
22707099999	0406	11
22707099999	0407	1
22707099999	0408	8
22707099999	0409	18
22707099999	0410	17
22707099999	0411	31
22707099999	0412	44
22707099999	0413	48
22707099999	0414	27
22707099999	0415	39
22707099999	0416	46
22707099999	0417	61
22707099999	0418	82
22707099999	0419	71
22707099999	0420	80
22707099999	0421	75
22707099999	0422	46
22707099999	0423	41
22707099999	0424	49
22707099999	0425	75
22707099999	0426	90
22707099999	0427	85
22707099999	0428	103
22707099999	0429	104
22707099999	0430	70
22707099999	0501	73
22707099999	0502	98
22707099999	0503	112
22707099999	0504	92
22707099999	0505	65
22707099999	0506	41
22707099999	0507	32
22707099999	0508	63
22707099999	0509	75
22707099999	0510	90
22707099999	0511	105
22707099999	0512	119
22707099999	0513	121
22707099999	0514	143
22707099999	0515	150
22707099999	0516	143
22707099999	0517	134
22707099999	0518	143
22707099999	0519	116
22707099999	0520	102
22707099999	0521	111
22707099999	0522	123
22707099999	0523	131
22707099999	0524	128
22707099999	0525	164
22707099999	0526	152
22707099999	0527	133
22707099999	0528	141
22707099999	0529	164
22707099999	0530	152
22707099999	0531	137
22707099999	0601	142
22707099999	0602	170
22707099999	0603	172
22707099999	0604	145
22707099999	0605	150
22707099999	0606	123
22707099999	0607	142
22707099999	0608	166
22707099999	0609	175
22707099999	0610	183
22707099999	0611	194
22707099999	0612	138
22707099999	0613	151
22707099999	0614	163
22707099999	0615	166
22707099999	0616	201
22707099999	0617	196
22707099999	0618	191
22707099999	0619	200
22707099999	0620	212
22707099999	0621	193
22707099999	0622	174
22707099999	0623	172
22707099999	0624	174
22707099999	0625	182
22707099999	0626	216
22707099999	0627	181
22707099999	0628	191
22707099999	0629	175
22707099999	0630	157
22707099999	0701	163
22707099999	0702	164
22707099999	0703	165
22707099999	0704	179
22707099999	0705	155
22707099999	0706	168
22707099999	0707	162
22707099999	0708	158
22707099999	0709	133
22707099999	0710	153
22707099999	0711	177
22707099999	0712	171
22707099999	0713	170
22707099999	0714	213
22707099999	0715	208
22707099999	0716	196
22707099999	0717	201
22707099999	0718	182
22707099999	0719	175
22707099999	0720	183
22707099999	0721	180
22707099999	0722	187
22707099999	0723	197
22707099999	0724	216
22707099999	0725	204
22707099999	0726	210
22707099999	0727	206
22707099999	0728	203
22707099999	0729	201
22707099999	0730	202
22707099999	0731	183
22707099999	0801	206
22707099999	0802	200
22707099999	0803	199
22707099999	0804	184
22707099999	0805	174
22707099999	0806	186
22707099999	0807	186
22707099999	0808	178
22707099999	0809	166
22707099999	0810	156
22707099999	0811	180
22707099999	0812	192
22707099999	0813	165
22707099999	0814	180
22707099999	0815	183
22707099999	0816	183
22707099999	0817	180
22707099999	0818	190
22707099999	0819	190
22707099999	0820	163
22707099999	0821	162
22707099999	0822	128
22707099999	0823	150
22707099999	0824	151
22707099999	0825	151
22707099999	0826	145
22707099999	0827	132
22707099999	0828	146
22707099999	0829	122
22707099999	0830	129
22707099999	0831	124
22707099999	0901	142
22707099999	0902	128
22707099999	0903	126
22707099999	0904	117
22707099999	0905	131
22707099999	0906	131
22707099999	0907	154
22707099999	0908	160
22707099999	0909	161
22707099999	0910	141
22707099999	0911	125
22707099999	0912	136
22707099999	0913	140
22707099999	0914	119
22707099999	0915	113
22707099999	0916	121
22707099999	0917	104
22707099999	0918	123
22707099999	0919	123
22707099999	0920	120
22707099999	0921	133
22707099999	0922	122
22707099999	0923	118
22707099999	0924	107
22707099999	0925	126
22707099999	0926	113
22707099999	0927	107
22707099999	0928	85
22707099999	0929	96
22707099999	0930	84
22707099999	1001	65
22707099999	1002	65
22707099999	1003	66
22707099999	1004	53
22707099999	1005	31
22707099999	1006	66
22707099999	1007	72
22707099999	1008	47
22707099999	1009	40
22707099999	1010	51
22707099999	1011	46
22707099999	1012	44
22707099999	1013	42
22707099999	1014	32
22707099999	1015	24
22707099999	1016	29
22707099999	1017	29
22707099999	1018	45
22707099999	1019	28
22707099999	1020	19
22707099999	1021	11
22707099999	1022	17
22707099999	1023	6
22707099999	1024	28
22707099999	1025	45
22707099999	1026	32
22707099999	1027	28
22707099999	1028	50
22707099999	1029	41
22707099999	1030	34
22707099999	1031	27
22707099999	1101	27
22707099999	1102	26
22707099999	1103	2
22707099999	1104	1
22707099999	1105	-2
22707099999	1106	-18
22707099999	1107	4
22707099999	1108	11
22707099999	1109	2
22707099999	1110	-16
22707099999	1111	-13
22707099999	1112	-26
22707099999	1113	-34
22707099999	1114	-42
22707099999	1115	-37
22707099999	1116	-40
22707099999	1117	-23
22707099999	1118	-9
22707099999	1119	-17
22707099999	1120	-25
22707099999	1121	-24
22707099999	1122	-16
22707099999	1123	-31
22707099999	1124	-41
22707099999	1125	-56
22707099999	1126	-72
22707099999	1127	-33
22707099999	1128	-31
22707099999	1129	-67
22707099999	1130	-96
22707099999	1201	-120
22707099999	1202	-68
22707099999	1203	-52
22707099999	1204	-62
22707099999	1205	-50
22707099999	1206	-18
22707099999	1207	-22
22707099999	1208	-35
22707099999	1209	-44
22707099999	1210	-51
22707099999	1211	-34
22707099999	1212	-34
22707099999	1213	-36
22707099999	1214	-51
22707099999	1215	-76
22707099999	1216	-51
22707099999	1217	-69
22707099999	1218	-97
22707099999	1219	-88
22707099999	1220	-106
22707099999	1221	-80
22707099999	1222	-69
22707099999	1223	-58
22707099999	1224	-84
22707099999	1225	-102
22707099999	1226	-129
22707099999	1227	-163
22707099999	1228	-115
22707099999	1229	-127
22707099999	1230	-155
22707099999	1231	-133
